[gd_scene load_steps=8 format=2]

[ext_resource path="res://Materials/rock.png" type="Texture" id=1]
[ext_resource path="res://Object/mapLoader.tscn" type="PackedScene" id=2]
[ext_resource path="res://Object/mapUnloader.tscn" type="PackedScene" id=3]
[ext_resource path="res://Object/Torch.tscn" type="PackedScene" id=4]
[ext_resource path="res://Object/MovingPlatform.tscn" type="PackedScene" id=5]
[ext_resource path="res://Code/Maps.gd" type="Script" id=6]

[sub_resource type="SpatialMaterial" id=1]
flags_world_triplanar = true
albedo_texture = ExtResource( 1 )
uv1_scale = Vector3( 0.1, 0.1, 0.1 )
uv1_triplanar = true

[node name="TheSewers" type="Spatial"]

[node name="Section1" type="CSGCombiner" parent="."]
material_override = SubResource( 1 )
use_collision = true

[node name="CSGBox" type="CSGBox" parent="Section1"]
transform = Transform( 1, 0, 0, 0, 1, 0, 0, 0, 1, 750, 9, 830 )
width = 220.0
height = 26.0
depth = 250.0

[node name="CSGCylinderdig" type="CSGCylinder" parent="Section1/CSGBox"]
transform = Transform( -4.37114e-08, -1, 0, 1, -4.37114e-08, 0, 0, 0, 1, -67, -9, 0 )
operation = 2
radius = 12.0
height = 86.0

[node name="CSGBoxdig" type="CSGBox" parent="Section1/CSGBox"]
transform = Transform( 1, 0, 0, 0, 1, 0, 0, 0, 1, -7, -3, -13 )
operation = 2
width = 34.0
height = 12.0
depth = 214.0

[node name="CSGBoxdig2" type="CSGBox" parent="Section1/CSGBox"]
transform = Transform( 1, 0, 0, 0, 1, 0, 0, 0, 1, 59, -3, 77 )
operation = 2
width = 98.0
height = 12.0
depth = 34.0

[node name="CSGBoxdig3" type="CSGBox" parent="Section1/CSGBox"]
transform = Transform( 1, 0, 0, 0, 1, 0, 0, 0, 1, 109, -4, 77 )
operation = 2
height = 10.0
depth = 10.0

[node name="CSGBox2dig" type="CSGBox" parent="Section1/CSGBox"]
transform = Transform( 1, 0, 0, 0, 1, 0, 0, 0, 1, 58, -3, -108 )
operation = 2
width = 98.0
height = 12.0
depth = 24.0

[node name="CSGBox3dig" type="CSGBox" parent="Section1/CSGBox"]
transform = Transform( 1, 0, 0, 0, 1, 0, 0, 0, 1, 89, 0, -74 )
operation = 2
width = 38.0
height = 20.0
depth = 40.0

[node name="CSGBox4dig" type="CSGBox" parent="Section1/CSGBox"]
transform = Transform( 1, 0, 0, 0, 1, 0, 0, 0, 1, 89, -4, -95 )
operation = 2
width = 10.0
height = 10.0

[node name="CSGBox5dig" type="CSGBox" parent="Section1/CSGBox"]
transform = Transform( 1, 0, 0, 0, 1, 0, 0, 0, 1, 69, -4, -72 )
operation = 2
height = 10.0
depth = 10.0

[node name="CSGBox7dig" type="CSGBox" parent="Section1/CSGBox"]
transform = Transform( 1, 0, 0, 0, 1, 0, 0, 0, 1, 53, -3, -45 )
operation = 2
width = 30.0
height = 12.0
depth = 88.0

[node name="CSGBox6dig" type="CSGBox" parent="Section1/CSGBox"]
transform = Transform( 1, 0, 0, 0, 1, 0, 0, 0, 1, 109, -4, -72 )
operation = 2
height = 10.0
depth = 10.0

[node name="CSGBox2" type="CSGBox" parent="Section1"]
transform = Transform( 1, 0, 0, 0, 1, 0, 0, 0, 1, 750, -1, 830 )
width = 220.0
depth = 250.0

[node name="Section2" type="CSGCombiner" parent="."]
material_override = SubResource( 1 )
use_collision = true

[node name="CSGBox" type="CSGBox" parent="Section2"]
transform = Transform( 1, 0, 0, 0, 1, 0, 0, 0, 1, 925, 9, 830 )
width = 130.0
height = 26.0
depth = 250.0

[node name="CSGBox2" type="CSGBox" parent="Section2/CSGBox"]
transform = Transform( 1, 0, 0, 0, 1, 0, 0, 0, 1, -52, 0, -65 )
operation = 2
width = 26.0
height = 18.0
depth = 62.0

[node name="CSGBox3" type="CSGBox" parent="Section2/CSGBox"]
transform = Transform( 1, 0, 0, 0, 1, 0, 0, 0, 1, -40, 0, 74 )
operation = 2
width = 50.0
height = 18.0
depth = 62.0

[node name="CSGBox4" type="CSGBox" parent="Section2/CSGBox"]
transform = Transform( 1, 0, 0, 0, 1, 0, 0, 0, 1, -51, -11, 77 )
operation = 2
width = 10.0
height = 8.0
depth = 10.0

[node name="Section3" type="CSGCombiner" parent="."]
material_override = SubResource( 1 )
use_collision = true

[node name="CSGBox" type="CSGBox" parent="Section3"]
transform = Transform( 1, 0, 0, 0, 1, 0, 0, 0, 1, 874, -118, 907 )
width = 14.0
height = 228.0
depth = 14.0

[node name="CSGBox2" type="CSGBox" parent="Section3/CSGBox"]
operation = 2
width = 10.0
height = 230.0
depth = 10.0

[node name="CSGBox3" type="CSGBox" parent="Section3/CSGBox"]
transform = Transform( 1, 0, 0, 0, 1, 0, 0, 0, 1, -5, -76, 0 )
operation = 2
width = 6.0
height = 10.0
depth = 10.0

[node name="Torches" type="Spatial" parent="."]

[node name="Torch" parent="Torches" instance=ExtResource( 4 )]
transform = Transform( 1, 0, 0, 0, 0.906308, -0.422618, 0, 0.422618, 0.906308, 675, 2.09369, 818.677 )

[node name="Torch2" parent="Torches" instance=ExtResource( 4 )]
transform = Transform( 1, 0, 0, 0, 0.906308, -0.422618, 0, 0.422618, 0.906308, 694, 2.09369, 818.677 )

[node name="Torch3" parent="Torches" instance=ExtResource( 4 )]
transform = Transform( 1, 0, 0, 0, 0.906308, -0.422618, 0, 0.422618, 0.906308, 716, 2.09369, 818.677 )

[node name="Torch4" parent="Torches" instance=ExtResource( 4 )]
transform = Transform( -1, -3.69465e-08, -7.92319e-08, 0, 0.906308, -0.422618, 8.74228e-08, -0.422618, -0.906308, 716, 2.09369, 841.177 )

[node name="Torch5" parent="Torches" instance=ExtResource( 4 )]
transform = Transform( -1, -3.69465e-08, -7.92319e-08, 0, 0.906308, -0.422618, 8.74228e-08, -0.422618, -0.906308, 697, 2.09369, 841.177 )

[node name="Torch6" parent="Torches" instance=ExtResource( 4 )]
transform = Transform( -1, -3.69465e-08, -7.92319e-08, 0, 0.906308, -0.422618, 8.74228e-08, -0.422618, -0.906308, 675, 2.09369, 841.177 )

[node name="Torch7" parent="Torches" instance=ExtResource( 4 )]
transform = Transform( -4.37114e-08, 0, -1, 0, 1, 0, 1, 0, -4.37114e-08, 640, 3.00006, 818 )

[node name="Torch8" parent="Torches" instance=ExtResource( 4 )]
transform = Transform( -4.37114e-08, 0, -1, 0, 1, 0, 1, 0, -4.37114e-08, 640, 3.00006, 842 )

[node name="mapUnloader" parent="." instance=ExtResource( 3 )]
transform = Transform( 20, 0, 0, 0, 10, 0, 0, 0, 1, 745, 6, 783 )
mapId = 0

[node name="mapLoader" parent="." instance=ExtResource( 2 )]
transform = Transform( 20, 0, 0, 0, 10, 0, 0, 0, 1, 745, 6, 808 )
mapId = 0

[node name="mapUnloader2" parent="." instance=ExtResource( 3 )]
transform = Transform( 20, 0, 0, 0, 10, 0, 0, 0, 1, 745, 6, 873 )
script = ExtResource( 6 )

[node name="mapLoader2" parent="." instance=ExtResource( 2 )]
transform = Transform( 20, 0, 0, 0, 10, 0, 0, 0, 1, 745, 6, 854 )
mapId = 0

[node name="MovingPlatform" parent="." instance=ExtResource( 5 )]
transform = Transform( 1, 0, 0, 0, 1, 0, 0, 0, 1, 874, -1, 907 )
botPos = -200
speed = 10
